Key  Option
---  -----------
J    38
q    47
Z    60
X    62
w    63
Q    92
Y    92
S    194 167
C    194 169
r    194 174
R    194 174
m    194 181
M    194 181
W    194 191
A    195 134
D    195 144
O    195 152
P    195 158
s    195 159
a    195 166
d    195 176
o    195 184
p    195 190
f    196 145
H    196 166
h    196 167
I    196 177
k    196 184
L    197 129
l    197 130
N    197 138
n    197 139
T    197 166
t    197 167
V    198 178
v    202 139
j    202 157
G    203 157
z    206 169
c    226 130 162
e    226 130 172
E    226 130 172
B    226 132 162
y    226 134 144
U    226 134 145
i    226 134 146
u    226 134 147
g    226 136 134
b    226 136 171
x    226 137 136
F    226 151 138
K    239 163 191

* The option key behaves the same as Alt when Ctrl is used with it.
* Some keys with Option will have the same bytes.

Key                No Modifiers     Ctrl                   Shift                  Alt                    Ctrl + Shift           Ctrl + Alt          Shift + Alt            Ctrl + Alt + Shift
-----------------  ---------------  ---------------------  ---------------------  ---------------------  ---------------------  ------------------  ---------------------  ---------------------
[a-z]              [97-122]         [1-26]                 [65-90]                27 [97-122]            [1-26]                 27 [1-26]           27 [65-90]             27 [1-26]
[0-9]              [48-57]          {48,49,0,27,28,29,     {41,33,64,35,36,37,    27 [48-57]             {41,33,0,35,36,37,     27 [48-57]          27 {41,33,64,35,36,    27 {41,33,0,35,36,37,
                                     30, 31,127,57}        94,38,42,40}                                   30,38,42,40}                                  37,94,38,42,40}        30,38,42,40}

* The sequences Ctrl + i and Ctrl + j have the same bytes as tmk_Key_Tab and tmk_Key_Enter, respectively, on Linux and MacOS.

tmk_Key_Escape     27               27                     27                     27 27                  27                     27 27               27 27                  27 27
tmk_Key_Tab        9                9                      27 91 90               27 9                   ~RESERVED~             27 9                27 27 91 90            27
tmk_Key_Space      10               0                      10                     27 10                  10                     27 10               27 10                  27 10
tmk_Key_Backspace  127              8                      127                    27 127                 8                      27 8                27 8                   27 8

tmk_Key_UpArrow    27 91 65         27 91 49 59 53 65      27 91 49 59 50 65      27 91 49 59 51 65      27 91 49 59 54 65      27 91 49 59 55 65   27 91 49 59 52 65      27 91 49 59 56 65
tmk_Key_DownArrow  27 91 66         27 91 49 59 53 66      27 91 49 59 50 66      27 91 49 59 51 66      27 91 49 59 54 66      27 91 49 59 55 66   27 91 49 59 52 66      27 91 49 59 56 66
tmk_Key_RightArrow 27 91 67         27 91 49 59 53 67      27 91 49 59 50 67      27 91 49 59 51 67      27 91 49 59 54 67      27 91 49 59 55 67   27 91 49 59 52 67      27 91 49 59 56 67
tmk_Key_LeftArrow  27 91 68         27 91 49 59 53 68      27 91 49 59 50 68      27 91 49 59 51 68      27 91 49 59 54 68      27 91 49 59 55 68   27 91 49 59 52 68      27 91 49 59 56 68

tmk_Key_Insert     27 91 50 126     27 91 50 59 53 126     ~RESERVED~             27 91 50 59 51 126     27 91 50 59 54 126     27 91 50 59 55 126  27 91 50 59 52 126     27 91 50 59 56 126
                   239 157 134 (MacOS Terminal/iTerm2)
                   27 91 52 104 (st)
tmk_Key_Delete     27 91 51 126     27 91 51 59 53 126     27 91 51 59 50 126     27 91 51 59 51 126     27 91 51 59 54 126     27 91 51 59 55 126  27 91 51 59 52 126     27 91 51 59 56 126
                   27 91 80 (st)
tmk_Key_Home       27 91 72         27 91 49 59 53 72      ~RESERVED~             27 91 49 59 51 72      27 91 49 59 54 72      27 91 49 59 55 72   27 91 49 59 52 72      27 91 49 59 56 72
                   27 91 49 126 (linux-console)
tmk_Key_End        27 91 70         27 91 49 59 53 70      ~RESERVED~             27 91 49 59 51 70      27 91 49 59 54 70      27 91 49 59 55 70   27 91 49 59 52 70      27 91 49 59 56 70
                   27 91 52 126 (st,linux-console)
tmk_Key_PageUp     27 91 53 126     27 91 53 59 53 126     ~RESERVED~             27 91 53 59 51 126     27 91 53 59 54 126     27 91 53 59 55 126  27 91 53 59 52 126     27 91 53 59 56 126
tmk_Key_PageDown   27 91 54 126     27 91 54 59 53 126     ~RESERVED~             27 91 54 59 51 126     27 91 54 59 54 126     27 91 54 59 55 126  27 91 54 59 52 126     27 91 54 59 56 126

tmk_Key_F1         27 79 80         27 91 49 59 53 80      27 91 49 59 50 80      27 91 49 59 51 80      27 91 49 59 54 80      ~RESERVED~          27 91 49 59 52 80      27 91 49 59 56 80
                   27 91 91 65 (linux-console)
tmk_Key_F2         27 79 81         27 91 49 59 53 81      27 91 49 59 50 81      27 91 49 59 51 81      27 91 49 59 54 81      ~RESERVED~          27 91 49 59 52 81      27 91 49 59 56 81
                   27 91 91 66 (linux-console)
tmk_Key_F3         27 79 82         27 91 49 59 53 82      27 91 49 59 50 82      27 91 49 59 51 82      27 91 49 59 54 82      ~RESERVED~          27 91 49 59 52 82      27 91 49 59 56 82
                   27 91 91 67 (linux-console)
tmk_Key_F4         27 79 83         27 91 49 59 53 83      27 91 49 59 50 83      27 91 49 59 51 83      27 91 49 59 54 83      ~RESERVED~          27 91 49 59 52 83      27 91 49 59 56 83
                   27 91 91 68 (linux-console)
tmk_Key_F5         27 91 49 53 126  27 91 49 53 59 53 126  27 91 49 53 59 50 126  27 91 49 53 59 51 126  27 91 49 53 59 54 126  ~RESERVED~          27 91 49 53 59 52 126  27 91 49 53 59 56 126
                   27 91 91 69 (linux-console)
tmk_Key_F6         27 91 49 55 126  27 91 49 55 59 53 126  27 91 49 55 59 50 126  27 91 49 55 59 51 126  27 91 49 55 59 54 126  ~RESERVED~          27 91 49 55 59 52 126  27 91 49 55 59 56 126
tmk_Key_F7         27 91 49 56 126  27 91 49 56 59 53 126  27 91 49 56 59 50 126  27 91 49 56 59 51 126  27 91 49 56 59 54 126  ~RESERVED~          27 91 49 56 59 52 126  27 91 49 56 59 56 126
tmk_Key_F8         27 91 49 57 126  27 91 49 57 59 53 126  27 91 49 57 59 50 126  27 91 49 57 59 51 126  27 91 49 57 59 54 126  ~RESERVED~          27 91 49 57 59 52 126  27 91 49 57 59 56 126
tmk_Key_F9         27 91 50 48 126  27 91 50 48 59 53 126  27 91 50 48 59 50 126  27 91 50 48 59 51 126  27 91 50 48 59 54 126  ~RESERVED~          27 91 50 48 59 52 126  27 91 50 48 59 56 126
tmk_Key_F10        27 91 50 49 126  27 91 50 49 59 53 126  27 91 50 49 59 50 126  27 91 50 49 59 51 126  27 91 50 49 59 54 126  ~RESERVED~          27 91 50 49 59 52 126  27 91 50 49 59 56 126
tmk_Key_F11        27 91 50 51 126  27 91 50 51 59 53 126  27 91 50 51 59 50 126  27 91 50 51 59 51 126  27 91 50 51 59 54 126  ~RESERVED~          27 91 50 51 59 52 126  27 91 50 51 59 56 126
tmk_Key_F12        27 91 50 52 126  27 91 50 52 59 53 126  27 91 50 52 59 50 126  27 91 50 52 59 51 126  27 91 50 52 59 54 126  ~RESERVED~          27 91 50 52 59 52 126  27 91 50 52 59 56 126
